-9.424387359548117571e-01 -6.932905079825427697e-01 -1.038658353183620875e+00 -4.403638104792611530e-01 -6.072981703404144449e-01 -5.956978259703396006e-01 -5.975201939277637875e-01 -9.355173655357079676e-01 -1.655742531763481074e+00 -8.390548208955673770e-01 -6.200623279971484436e-01 -7.311415988945173527e-01 -5.773044589546952876e-01 -5.786161442516416509e-01 -7.143751275352369090e-01
-1.224797231378756290e+00 -1.577883330316455224e+00 6.954642040317410290e-01 1.180621309544864994e+00 -2.559296923027444826e-01 -6.057123654754344999e-01 -8.588228107257953603e-01 -3.327851980746812544e+00 6.792283470866211648e-01 -1.155935827390340620e+00 -3.641899445743313618e-02 2.682025438863633870e-01 -1.113673344059719517e+00 -1.121052037649535427e+00 2.592536206880579619e-01
-6.977823743615066410e-02 1.185515191018297887e-01 -2.232343810514547389e-01 -2.411953273643263063e-01 -1.182907483506987711e+00 -1.218421099821264342e+00 -1.305392347731064273e+00 3.256399735548750618e-01 -2.922669641828462561e-02 -2.534796078291101096e-01 -1.205167210069916450e+00 -1.394449027870172886e+00 -1.169568938204292863e+00 -1.088623829714876035e+00 -1.421595631122286152e+00
3.450076644765231321e-02 1.402234560035448829e-01 -1.204897463170857552e+00 -6.969240247644548081e-01 -7.052013341704422844e-01 -8.553480180385002463e-01 -9.967855812559481832e-01 4.273742248903917296e-01 -1.924120378863668490e+00 -1.274318322893159827e-01 -6.830909818488573038e-01 -8.427495391100353617e-01 -9.242809449886330020e-01 -8.581091817911549180e-01 -8.157211659837702022e-01
-1.737257252268303021e-01 -9.155295162443205514e-02 -8.783909022083309648e-02 -2.156418790731580160e+00 -7.356064953484514612e-01 -8.739082550931083215e-01 -1.017544234874699915e+00 -1.032198711084141712e-02 -1.033512105952984483e-01 -2.840461563060471817e-01 -6.728741755718246065e-01 -7.438908341639756117e-01 -1.006616205044720491e+00 -9.534151441697387153e-01 -7.254795672519632754e-01
5.398384992822561484e-02 9.860546553413504500e-02 -1.228029234822625382e+00 -1.119494103178855671e+00 -6.700032187300393183e-01 -5.073902782164976255e-01 -4.744486256951210290e-01 3.692536437321489173e-01 -2.202387775617096644e+00 7.649030458202080683e-03 -6.748749691083854030e-01 -8.536370760422212767e-01 -4.077789466640561744e-01 -3.793790530062886024e-01 -8.231361277613354899e-01
-1.860921659677337914e+00 -1.368959893260347727e+00 6.427529572351449172e-01 1.266579673507206127e+00 -6.839719285708169005e-01 -8.143921295520224479e-01 -9.010242324160673277e-01 -6.568140980039446353e-01 7.341533035000394891e-01 -1.622375198116422723e+00 -5.557300067135715338e-01 -2.939262355573769026e-01 -1.026094482285057286e+00 -1.042091933412504945e+00 -3.391075126607817625e-01
-1.332308216313612403e+00 -8.740104399337038643e-01 -2.936260856984963530e-01 -1.974285276237826459e+00 -5.503560637136297728e-01 -5.240998574208699523e-01 -5.139469546396228106e-01 -4.339018215822857960e-01 -2.543176443068502768e-01 -1.145468100774138520e+00 -5.739104069836847843e-01 -7.177245531918068355e-01 -5.304712991792365218e-01 -5.468914962604981556e-01 -6.925214226924580885e-01
-2.003980347617152713e+00 -1.566787177185473556e+00 9.962006660735360786e-01 1.342625604205254897e+00 -4.084556797238740877e-01 -7.103310740833610470e-01 -9.192849267541005620e-01 -8.196469237869664637e-01 9.048651118595205656e-01 -1.765239508451240447e+00 -1.548938307584703522e-01 2.449851990471585972e-01 -1.159980159224891061e+00 -1.177358959367383662e+00 2.229526453830928678e-01
5.111820886271819520e-01 6.233269744841661852e-01 -2.241922545781904752e+00 8.457518038939701999e-01 -8.136073528951929257e-01 -1.884518099313076400e-01 1.250416608188774648e-01 1.053776987004104715e+00 -5.093354211200786796e-01 5.338235174961126761e-01 -1.672148380428441827e+00 -2.793076317760922134e+00 3.138133265650689396e-01 3.118405452665796163e-01 -2.814019325201783328e+00
-1.609745368187714687e-01 -4.733792602436948105e-02 -5.260960084882881915e-01 -1.038332030681798024e+00 -7.493697153517988596e-01 -9.561807545429220623e-01 -1.172254311978166763e+00 6.747673178900966129e-02 -1.152122920437112175e+00 -3.370831464943987998e-01 -6.729573429666316775e-01 -7.614778060878983901e-01 -1.156501140790764381e+00 -1.088875402238783208e+00 -7.328709003344373585e-01
-6.101596804582607586e-02 -7.672022950687996945e-02 -2.370000117062470435e-01 -2.886562555430118859e+00 -6.819377613442272335e-01 -3.231999216838353228e-01 -1.766965356441230761e-01 1.014152922126176776e-01 -6.661365086803006097e-01 -8.563789094172430741e-03 -6.728547809942310165e-01 -7.900387708912606222e-01 -1.402463229683230950e-01 -1.355907307322870570e-01 -7.629495216128702184e-01
2.317826202755168263e-01 1.632336911569186866e-01 -5.581237071258381421e-01 -3.613350141871375154e+00 -5.281335810169067724e-01 -9.558412918562350646e-02 1.430814654282266118e-01 3.320124191901560051e-01 -1.073153262356736137e+00 3.063851909016406250e-01 -5.909693275120134759e-01 -9.214091793857954737e-01 2.442842625864198036e-01 2.406553021579617424e-01 -8.607700226382194453e-01
-1.221583034318946881e+00 -1.555505470252885658e+00 7.545746658915283289e-01 1.358454083396865686e+00 -2.959022772746209284e-01 -6.380527951252737973e-01 -8.824481847129201917e-01 -3.289165031621696489e+00 7.599259967891773826e-01 -1.154669216892805217e+00 -8.446663448380954675e-02 2.496308610313417720e-01 -1.129046085202949579e+00 -1.136507331380872676e+00 2.339003150818998178e-01
3.488623558285586235e-01 3.958082472110105443e-01 -2.219808293541536415e+00 6.274975120209337620e-02 -3.080766394294645605e-01 7.925146677504059378e-02 2.049370547514342555e-01 8.559038329176331672e-01 -1.591017522413156193e+00 3.650836760939843439e-01 -9.982638162998558329e-01 -1.783592568247454935e+00 2.250803373051409595e-01 2.125395384167810264e-01 -1.757188220885244734e+00
