-2.404044568538665771e-02
3.474298864603042603e-02
7.065992057323455811e-02
5.757637694478034973e-02
1.988959014415740967e-01
-6.785184144973754883e-02
2.700158581137657166e-02
-1.185249909758567810e-01
5.202974751591682434e-02
9.687984734773635864e-02
-3.792013972997665405e-02
-6.883402913808822632e-02
9.542310982942581177e-02
-1.471273321658372879e-02
3.837459534406661987e-02
-9.682464599609375000e-02
-5.442107468843460083e-02
1.216290816664695740e-01
2.336300760507583618e-01
2.566828206181526184e-02
8.731607347726821899e-03
1.878517717123031616e-01
-5.596985667943954468e-02
9.298738837242126465e-02
9.154798090457916260e-02
1.871773228049278259e-02
-3.186897188425064087e-02
-3.684440255165100098e-02
1.017840355634689331e-01
1.573406159877777100e-01
1.194703653454780579e-01
6.095002964138984680e-02
