-1.964574009180068970e-01 2.160396240651607513e-02 1.698280870914459229e-01 -9.020586311817169189e-02 9.385591000318527222e-02 -1.780115365982055664e-01 1.071593984961509705e-01 5.249366760253906250e-01 1.732307523488998413e-01 -4.120360910892486572e-01 3.781475424766540527e-01 3.552343547344207764e-01 2.140871286392211914e-01 -3.151704668998718262e-01 1.788481622934341431e-01 -1.456751674413681030e-01
3.752920925617218018e-01 -2.403287291526794434e-01 4.683289825916290283e-01 1.924215257167816162e-01 -2.671984136104583740e-01 1.863242536783218384e-01 2.586643993854522705e-01 1.535017788410186768e-01 1.121852770447731018e-01 2.449176162481307983e-01 4.287823662161827087e-02 2.035486549139022827e-01 -2.095970362424850464e-01 5.509375780820846558e-02 4.001479744911193848e-01 5.456140637397766113e-02
1.546870917081832886e-01 3.410053849220275879e-01 2.235493212938308716e-01 -9.571254253387451172e-02 -2.771000266075134277e-01 -3.371956050395965576e-01 1.011443883180618286e-01 -3.731391429901123047e-01 2.075252830982208252e-01 1.210569287650287151e-03 5.388524383306503296e-02 6.603497266769409180e-01 3.103899657726287842e-01 -1.470375061035156250e-01 3.730852901935577393e-01 -4.377275109291076660e-01
-4.549575224518775940e-02 -9.428648650646209717e-02 7.007669806480407715e-01 -9.351430833339691162e-02 6.666143983602523804e-02 6.986975073814392090e-01 -2.415952384471893311e-01 3.197886347770690918e-01 -3.167752623558044434e-01 -7.147927880287170410e-01 -5.355358719825744629e-01 -6.046612858772277832e-01 -2.871882021427154541e-01 6.680393964052200317e-02 1.843192279338836670e-01 1.632963120937347412e-01
3.865853846073150635e-01 4.895143508911132812e-01 2.693612277507781982e-01 -2.897518277168273926e-01 -6.230675615370273590e-03 -1.269681006669998169e-01 2.043649554252624512e-02 4.392981231212615967e-01 -4.727866128087043762e-02 -3.294647112488746643e-02 3.118709325790405273e-01 -3.574199974536895752e-01 -3.452504873275756836e-01 -3.573374748229980469e-01 -3.803727626800537109e-01 -1.525049209594726562e-01
-6.360041499137878418e-01 -3.398449718952178955e-01 -1.849442273378372192e-01 4.554614722728729248e-01 1.010810062289237976e-01 -4.812265038490295410e-01 -5.094330310821533203e-01 -1.433728635311126709e-01 -3.897517547011375427e-02 -3.387742675840854645e-03 6.660564541816711426e-01 6.920830607414245605e-01 3.504087328910827637e-01 -1.548585295677185059e-01 4.008580446243286133e-01 7.149753570556640625e-01
2.577527165412902832e-01 2.460125386714935303e-01 4.458309710025787354e-02 -4.981869366019964218e-03 -4.229389131069183350e-01 1.104073300957679749e-01 -3.134291172027587891e-01 2.220077514648437500e-01 2.755550444126129150e-01 -4.635633155703544617e-02 -3.398353755474090576e-01 2.076475918292999268e-01 -1.743486225605010986e-01 2.364948987960815430e-01 2.064862996339797974e-01 4.895983636379241943e-01
-1.402419805526733398e-01 7.594764977693557739e-02 -9.387230966240167618e-04 2.988102734088897705e-01 2.756502926349639893e-01 2.263995110988616943e-01 6.159566044807434082e-01 -5.291664004325866699e-01 -7.287757396697998047e-01 1.738951057195663452e-01 5.765713751316070557e-02 3.018650710582733154e-01 -2.530435323715209961e-01 -5.317025259137153625e-02 -2.633583545684814453e-01 -7.920172214508056641e-01
-1.217885315418243408e-01 2.204389721155166626e-01 3.921021223068237305e-01 -1.074151769280433655e-01 9.818277508020401001e-02 2.750333249568939209e-01 -9.277423471212387085e-02 -1.794850528240203857e-01 3.540865480899810791e-01 3.900950551033020020e-01 5.939387157559394836e-02 2.849905490875244141e-01 -3.221178948879241943e-01 -3.501295447349548340e-01 -4.228158504702150822e-04 4.481779634952545166e-01
3.118495643138885498e-01 5.210292339324951172e-01 -3.220714628696441650e-01 -2.292671650648117065e-01 4.276637434959411621e-01 2.325319349765777588e-01 1.423641294240951538e-01 -3.549777269363403320e-01 -1.631925851106643677e-01 6.934191584587097168e-01 2.027576863765716553e-01 -1.939024627208709717e-01 -5.231970548629760742e-02 3.792265057563781738e-01 -5.421850830316543579e-02 1.138922870159149170e-01
2.284827679395675659e-01 -3.407453894615173340e-01 -3.556943237781524658e-01 4.054717421531677246e-01 1.777559369802474976e-01 4.875505715608596802e-02 8.624686300754547119e-02 -3.351210355758666992e-01 -4.506162405014038086e-01 7.308647036552429199e-01 2.700193524360656738e-01 5.058848857879638672e-01 -5.555855110287666321e-02 2.104943245649337769e-01 -1.181789934635162354e-01 -2.136059664189815521e-02
1.247452422976493835e-01 -4.784617722034454346e-01 -5.798533931374549866e-02 8.414796739816665649e-02 -3.004252612590789795e-01 -4.041856229305267334e-01 -1.711633428931236267e-02 3.447483181953430176e-01 3.799742460250854492e-01 -2.135581523180007935e-01 -5.302087590098381042e-02 -8.346699178218841553e-03 -3.276315703988075256e-02 -4.297553300857543945e-01 1.387083828449249268e-01 6.137189269065856934e-01
3.670431077480316162e-01 -2.465142160654067993e-01 -1.274960041046142578e-01 -5.046014674007892609e-03 -6.397604010999202728e-03 2.311647981405258179e-01 -8.202999830245971680e-02 3.487682938575744629e-01 1.257525384426116943e-01 2.025938183069229126e-01 -6.809949278831481934e-01 -5.723959803581237793e-01 -5.586908385157585144e-02 9.029950946569442749e-02 -4.763284325599670410e-01 3.681244328618049622e-02
-3.991964459419250488e-01 4.513067305088043213e-01 1.330055389553308487e-02 -1.927299052476882935e-01 -4.577467441558837891e-01 3.590853512287139893e-01 -2.959228157997131348e-01 3.572460711002349854e-01 2.963184416294097900e-01 -3.475999236106872559e-01 2.381435930728912354e-01 -2.665708363056182861e-01 -2.331090532243251801e-02 -5.797890573740005493e-02 4.238033890724182129e-01 4.560157358646392822e-01
6.958557758480310440e-03 4.581540226936340332e-01 -3.181393742561340332e-01 4.411250352859497070e-01 1.353166550397872925e-01 -1.255398541688919067e-01 -9.631682634353637695e-01 -3.796452283859252930e-01 -6.144399046897888184e-01 6.483579277992248535e-01 1.363362371921539307e-01 -2.548916935920715332e-01 1.151753216981887817e-01 -7.182553410530090332e-02 7.745196223258972168e-01 5.329634547233581543e-01
-1.947872787714004517e-01 4.383347695693373680e-04 -3.103751242160797119e-01 -1.046672016382217407e-01 2.507312893867492676e-01 -5.326167941093444824e-01 -1.053432673215866089e-01 -6.134940981864929199e-01 2.752384245395660400e-01 2.636686563491821289e-01 -9.749145247042179108e-03 6.997084617614746094e-01 3.573116958141326904e-01 -5.984085798263549805e-01 4.036204516887664795e-01 -3.260250687599182129e-01
1.015679165720939636e-02 -4.267990589141845703e-01 2.643427997827529907e-02 -1.014124974608421326e-01 -8.815693110227584839e-02 -2.919154167175292969e-01 -6.702707409858703613e-01 4.377792477607727051e-01 1.996521204710006714e-01 5.813966989517211914e-01 -3.740213811397552490e-01 6.446136832237243652e-01 1.668795198202133179e-01 3.744329810142517090e-01 -2.912430167198181152e-01 -5.630366206169128418e-01
-4.514386132359504700e-02 2.448375076055526733e-01 -2.026802152395248413e-01 -1.380926668643951416e-01 3.834066987037658691e-01 6.191022992134094238e-01 -3.671168815344572067e-03 4.060200750827789307e-01 -4.602595046162605286e-02 -1.653585135936737061e-01 -1.385673731565475464e-01 -3.935475051403045654e-01 -1.318872421979904175e-01 2.621083855628967285e-01 5.582529306411743164e-01 -3.720675408840179443e-01
2.312321215867996216e-01 -8.591335266828536987e-02 1.836543381214141846e-01 1.312160789966583252e-01 8.525419235229492188e-02 -3.837967813014984131e-01 -2.613930962979793549e-02 3.475182354450225830e-01 -1.824032664299011230e-01 2.544555366039276123e-01 1.094929277896881104e-01 -4.200444743037223816e-02 8.421410620212554932e-02 2.500772774219512939e-01 -3.739207386970520020e-01 4.358120560646057129e-01
2.010833621025085449e-01 -4.113828837871551514e-01 -9.292793273925781250e-02 -2.784009277820587158e-01 1.244729086756706238e-01 -1.323120296001434326e-01 3.467193543910980225e-01 1.741427332162857056e-01 2.448032796382904053e-01 -6.977066397666931152e-02 1.479528844356536865e-01 3.080951869487762451e-01 -1.439153999090194702e-01 3.275800049304962158e-01 1.413265466690063477e-01 -2.449127845466136932e-02
-4.496399164199829102e-01 -2.215688079595565796e-01 -4.717887341976165771e-01 -1.228352859616279602e-01 2.619325518608093262e-01 -1.572282910346984863e-01 3.484014272689819336e-01 5.187885761260986328e-01 4.708448946475982666e-01 1.386088281869888306e-01 -1.578344702720642090e-01 -1.810779571533203125e-01 2.779538184404373169e-02 -1.090990155935287476e-01 -9.130641818046569824e-02 -3.100408911705017090e-01
-1.819960474967956543e-01 1.753184199333190918e-01 3.238001167774200439e-01 2.642761170864105225e-01 2.488640397787094116e-01 -2.168608754873275757e-01 4.180436134338378906e-01 -2.962468862533569336e-01 -1.117414534091949463e-01 -1.851683109998703003e-01 -2.232959493994712830e-02 -1.439746916294097900e-01 8.746702224016189575e-03 4.089617729187011719e-01 4.001063406467437744e-01 -2.285894304513931274e-01
-3.591144084930419922e-01 -5.469559133052825928e-02 -5.548155307769775391e-01 1.419811993837356567e-01 3.054099529981613159e-02 7.524375319480895996e-01 3.554804325103759766e-01 -2.509740181267261505e-02 -1.287676095962524414e-01 -2.236080914735794067e-02 3.682195246219635010e-01 -3.899384140968322754e-01 1.424352675676345825e-01 -1.803275495767593384e-01 1.849449574947357178e-01 6.915172934532165527e-01
1.522233337163925171e-01 1.052585095167160034e-01 -5.293716788291931152e-01 -4.296207726001739502e-01 1.499703079462051392e-01 -5.348624661564826965e-02 -2.355475425720214844e-01 -1.353831887245178223e-01 2.857009470462799072e-01 5.959037542343139648e-01 1.838143020868301392e-01 3.923500478267669678e-01 -1.904422231018543243e-02 2.379233017563819885e-02 -1.941988170146942139e-01 -1.900215744972229004e-01
-5.806425958871841431e-02 2.311280518770217896e-01 3.784623742103576660e-01 6.285986304283142090e-02 1.976800858974456787e-01 3.313526809215545654e-01 3.887361884117126465e-01 -6.306485831737518311e-02 -8.735490590333938599e-02 -3.250844776630401611e-02 -1.214166264981031418e-02 2.689023911952972412e-01 2.510007917881011963e-01 9.240251965820789337e-03 -2.498881816864013672e-01 -2.599103748798370361e-01
-1.209696307778358459e-01 -1.395787149667739868e-01 -3.146760463714599609e-01 2.313110679388046265e-01 -4.152686297893524170e-01 2.947450280189514160e-01 -3.440800011157989502e-01 2.145248353481292725e-01 7.976702600717544556e-02 3.462703824043273926e-01 1.328875273466110229e-01 1.135452389717102051e-01 2.394014596939086914e-01 -9.999039769172668457e-02 -3.779177665710449219e-01 5.476169586181640625e-01
-9.413772821426391602e-02 -2.097681462764739990e-01 2.751418948173522949e-01 -2.577595710754394531e-01 -1.803142577409744263e-01 3.614364862442016602e-01 2.039245665073394775e-01 2.790697813034057617e-01 -6.578054279088973999e-03 5.567518249154090881e-02 1.842580735683441162e-02 3.640762567520141602e-01 -1.411564648151397705e-01 3.249782621860504150e-01 -1.512243300676345825e-01 1.818668842315673828e-01
-1.824059784412384033e-01 -2.011148445308208466e-02 3.297502994537353516e-01 -1.686308830976486206e-01 -1.389284729957580566e-01 -2.529603540897369385e-01 -1.696234792470932007e-01 -4.617297351360321045e-01 2.953243255615234375e-01 -2.142351120710372925e-01 2.680383436381816864e-02 1.154623851180076599e-01 -2.193057090044021606e-01 -1.592944860458374023e-01 2.856607176363468170e-02 6.605145931243896484e-01
-2.916857302188873291e-01 9.067726135253906250e-02 3.013178408145904541e-01 -8.559016883373260498e-02 2.318381220102310181e-01 2.561893463134765625e-01 -1.079951450228691101e-01 3.469216525554656982e-01 -3.950053453445434570e-01 -3.938260674476623535e-01 -3.025398552417755127e-01 -3.916560113430023193e-01 -7.622939534485340118e-03 1.582118570804595947e-01 2.300338745117187500e-01 1.542957127094268799e-01
4.364945590496063232e-01 -3.551623523235321045e-01 -1.984319984912872314e-01 2.126232162117958069e-02 5.944503545761108398e-01 4.143664538860321045e-01 2.932684421539306641e-01 3.090920299291610718e-02 -2.053132504224777222e-01 -5.407811328768730164e-02 -4.283585548400878906e-01 -2.300962656736373901e-01 3.337969481945037842e-01 1.460391581058502197e-01 -2.653633058071136475e-01 7.680780887603759766e-01
-2.476004064083099365e-01 2.594254352152347565e-02 -2.619457840919494629e-01 -3.930462151765823364e-02 -2.704632580280303955e-01 1.223356202244758606e-01 -1.790826767683029175e-02 5.405177474021911621e-01 -6.434047222137451172e-02 -3.493168652057647705e-01 3.090466260910034180e-01 -3.798085823655128479e-02 -1.139400154352188110e-01 6.404114961624145508e-01 4.805437624454498291e-01 -4.664996266365051270e-01
2.941464781761169434e-01 -1.049721837043762207e-01 6.207102537155151367e-01 2.643888890743255615e-01 1.417930722236633301e-01 -5.917141214013099670e-02 2.273916155099868774e-01 -2.215163707733154297e-01 4.784760624170303345e-02 -5.446479916572570801e-01 -2.606005370616912842e-01 -1.810624897480010986e-01 -1.920722872018814087e-01 -2.145314961671829224e-01 -2.411549389362335205e-01 -1.617429107427597046e-01
