2.945247107166482969e+00 2.160812828613109637e+00 1.572498145559859672e+00 -1.811233867767080286e-01 1.297051170053218350e-01 1.161551915857987893e+00 1.356308760643253120e+00 6.572154494790913848e-01 6.773143875176030448e+00 -1.223988735562773877e+00
5.054776446801189316e+00 5.457157000171202199e+00 2.112561628380096757e+00 4.522607375974212474e-01 7.494325924111536752e-01 9.632323509077882484e-01 -4.526081367054466398e-01 1.079528432803804838e+00 4.681565645437888890e+00 1.389498466423715772e+00
3.266411264339903031e+00 6.425799838180076939e+00 1.944564537350571332e+00 7.043778119766896495e+00 1.420032071810940932e+00 1.496271102219651983e+00 -1.084092052868881773e+00 8.816537897810388102e-01 3.891712317684701272e-01 3.285645336871831024e+00
5.257206022426228031e+00 2.953694360453471113e+00 -4.364802232682444938e+00 3.184154631896890741e+00 -2.105842859868531480e+00 5.320465571908901126e+00 -2.086711960918024911e+00 8.204352871706104722e+00 -1.560599397559431445e+00 4.932072166987140349e-01
2.446599699384167437e+00 6.154085518443736191e+00 4.425438533041743838e+00 2.925300511224200761e+00 1.481229460376826346e+00 -4.454532753737583395e-02 5.006781754119180583e-01 1.204810028306491310e+00 1.025123490265159809e+00 1.035203021338675589e+00
4.017685429768406813e+00 2.480559679126363548e+00 2.637257938994974626e+00 3.544503138305835854e+00 2.449795373923794095e+00 3.543001363385881675e+00 -6.338354345826546776e-02 9.443478894324166539e-01 -1.058018680383337351e+00 1.102570910060356013e+00
5.196472149257257200e+00 2.511404177783611580e+00 6.412040327464184841e+00 3.978132768224829530e+00 -4.462594633367591435e-01 1.630932677103554607e+00 1.598457177278997055e+00 -2.433663438225333042e-01 1.328557812155507722e+00 9.811112344694721266e-01
5.035379975661218310e+00 3.996009357020798181e+00 4.929056839281110491e+00 -8.777796311240375626e-01 8.148937339598992580e+00 2.158927640644178414e+00 -1.455769648152206219e+00 2.477404148042765986e+00 5.235660285430849825e+00 -2.719358909120178858e+00
3.666459514007829767e+00 3.468794420381074772e+00 1.430711667560009559e+00 3.456481249660809052e+00 -5.386359718889166537e-02 6.115775495529276462e+00 -3.541023911422706671e+00 -1.914176762081567507e+00 -1.218842763374188287e+00 4.632658707306497092e+00
5.691252937720293836e+00 3.418556119130188531e+00 4.133344824872446921e+00 -5.161921828682902724e-01 -1.272268395299057442e+00 3.037341991864042079e+00 1.896870956500940286e+00 1.771778277255035894e+00 5.620903316955618401e+00 2.266906542126274182e+00
4.729186535452196694e+00 6.679889755254714068e+00 2.366743430866594444e+00 4.849867495658326533e+00 -3.989237525857276534e-01 1.601171726290169683e+00 2.080659595991889432e+00 1.191862370254888948e+00 1.038432976100718275e+00 2.529894518110264112e+00
1.832463154479272660e+00 6.265501677439827333e+00 -2.979580160844103043e-01 6.911486484374359307e+00 2.286215872246480707e+00 1.443223987185736856e+00 1.064445213875019114e+00 1.481210314145172458e+00 1.789981628895262578e+00 1.548620682489477929e+00
3.154018145018939734e+00 4.363263495662430103e+00 3.680335737070258517e+00 5.500661448804805564e-02 9.470283849912093377e-01 2.899146623836147962e-01 -1.203057809951011858e+00 8.702598509870624888e-01 3.148702775801389464e+00 2.825160644125430665e-01
4.366516411629880245e+00 4.655403110091971719e+00 7.006210966890284553e+00 3.646027494394928237e+00 1.757056253527879752e+00 1.921909784526648624e+00 2.254721067481598951e+00 6.234988608448337466e-01 1.493539186653721540e+00 6.891132702689779510e-01
7.549455018920296911e-01 7.218025123149407918e+00 2.559445745627197510e+00 6.820898634806405347e+00 2.637657543229182888e+00 1.986061634647212859e+00 1.924579672288123655e+00 -9.734010160686616953e-01 -9.683468962024530668e-01 1.296296587572923098e+00
