2.433124929666519165e-01 -1.408904492855072021e-01 9.728651493787765503e-02 -4.553403854370117188e-01 4.606675803661346436e-01 2.509989738464355469e-01 2.002068050205707550e-02 -7.078573107719421387e-01 -2.351282685995101929e-01 -1.063620671629905701e-01
-3.770996928215026855e-01 6.753777861595153809e-01 -2.678972184658050537e-01 -7.514799833297729492e-01 -6.091011166572570801e-01 2.948006689548492432e-01 -6.478273272514343262e-01 3.047525882720947266e-01 -2.167245596647262573e-01 2.372692674398422241e-01
-5.866349339485168457e-01 2.071011066436767578e-01 -5.606198310852050781e-01 2.496198713779449463e-01 3.864734172821044922e-01 -4.242165982723236084e-01 -1.995988935232162476e-01 -3.318162560462951660e-01 4.924061894416809082e-01 5.824078321456909180e-01
-6.119452714920043945e-01 -2.862888574600219727e-01 -7.892711162567138672e-01 -8.209718465805053711e-01 -6.416813135147094727e-01 6.470184922218322754e-01 -1.106687486171722412e-01 -9.474065899848937988e-01 -3.102196156978607178e-01 -3.337684571743011475e-01
-1.608324944972991943e-01 -3.883822262287139893e-01 3.096985816955566406e-01 -1.123394295573234558e-01 5.382004976272583008e-01 3.910681903362274170e-01 1.503604203462600708e-01 6.482292413711547852e-01 -7.074208259582519531e-01 -9.462342858314514160e-01
1.216306835412979126e-01 3.568744063377380371e-01 2.814176678657531738e-01 1.209450736641883850e-01 3.454738855361938477e-01 -8.595770001411437988e-01 -4.390966519713401794e-02 3.356198370456695557e-01 -4.175767600536346436e-01 -2.555872499942779541e-01
3.023991733789443970e-02 -6.368728280067443848e-01 -3.754306137561798096e-01 -5.514786839485168457e-01 5.158885717391967773e-01 -1.221554055809974670e-01 -4.519217610359191895e-01 3.366104066371917725e-01 1.050332859158515930e-01 -1.601204425096511841e-01
-5.034592002630233765e-02 -6.736463904380798340e-01 4.525050520896911621e-01 -2.634103596210479736e-01 -2.402625232934951782e-01 -2.542168796062469482e-01 -6.374664902687072754e-01 -1.105244457721710205e-01 -3.569554984569549561e-01 2.047859877347946167e-01
3.753377795219421387e-01 -5.804302692413330078e-01 3.368619978427886963e-01 1.449985057115554810e-01 -6.848575472831726074e-01 -2.114607580006122589e-02 -6.210833191871643066e-01 -6.345200538635253906e-01 4.584718942642211914e-01 -4.030127525329589844e-01
5.156105756759643555e-01 1.354286223649978638e-01 -1.912872344255447388e-01 -5.750839710235595703e-01 -1.927372068166732788e-01 2.814751863479614258e-01 5.194269418716430664e-01 -5.734651088714599609e-01 -3.727547824382781982e-01 -2.702731490135192871e-01
-3.354161679744720459e-01 -4.741559922695159912e-01 -2.309521287679672241e-01 -4.760820567607879639e-01 -8.645371198654174805e-01 2.571469545364379883e-01 -1.848948448896408081e-01 6.169832348823547363e-01 -5.098469182848930359e-02 -3.591537773609161377e-01
2.776473462581634521e-01 -8.615524172782897949e-01 -4.100667536258697510e-01 4.624489247798919678e-01 -3.821541070938110352e-01 3.787736296653747559e-01 5.700726509094238281e-01 -1.126651465892791748e-01 4.037667214870452881e-01 2.998263239860534668e-01
-4.123096764087677002e-01 1.932608187198638916e-01 -3.106231093406677246e-01 2.714510262012481689e-01 2.816038429737091064e-01 -1.221580058336257935e-01 -1.561662927269935608e-02 -2.665500938892364502e-01 -4.804142415523529053e-01 -5.327736735343933105e-01
-2.343794256448745728e-01 -7.239130139350891113e-01 2.240153700113296509e-01 -1.381817907094955444e-01 -1.633537262678146362e-01 -6.043401956558227539e-01 1.921100020408630371e-01 5.663866549730300903e-02 -9.730244874954223633e-01 1.631871759891510010e-01
-4.863818883895874023e-01 3.354566991329193115e-01 -6.124670505523681641e-01 5.955692529678344727e-01 -5.476925373077392578e-01 5.281188488006591797e-01 -9.202845692634582520e-01 8.635326474905014038e-02 -6.196825504302978516e-01 -2.037746608257293701e-01
-9.081138968467712402e-01 3.340619206428527832e-01 1.401366591453552246e-01 -1.026997938752174377e-01 -4.733431041240692139e-01 -2.129866480827331543e-01 -1.310475021600723267e-01 -2.294228076934814453e-01 -6.106810644268989563e-03 -8.435649871826171875e-01
